-8
-1
-29
4
25
-44
-1
11
-1
-17
8
-7
12
-2
0
-2
-19
37
3
-14
-76
-1
77
-25
-1
-1
-1
-3
15
-25
-4
-5
-59
-16
31
-14
-19
-4
8
-30
-26
1
-36
-14
-1
5
16
9
7
-8
23
-7
31
5
-27
12
5
6
-4
-1
-6
7
-5
-12
-9
0
29
5
0
12
-11
38
-2
3
3
-8
7
1
0
14
28
27
-1
24
-16
1
-15
22
0
0
0
0
9
2
0
-1
4
0
-4
0
-5
-2
0
0
0
-7
1
-1
0
0
4
0
30
-6
0
17
3
0
7
-13
0
0
0
0
-7
9
0
8
6
1
-4
-1
-6
9
0
-2
-2
-2
6
-1
-5
0
-4
0
9
-10
0
9
30
0
-20
-9
0
0
0
0
0
22
-1
7
10
-2
6
0
2
-1
0
9
0
3
-22
-5
0
-2
0
-4
13
-22
0
13
-60
0
58
13
0
-2
0
0
0
0
0
10
9
0
1
-2
-3
6
0
-2
-2
3
1
-1
2
-2
-5
-1
-25
13
0
-12
-37
0
-29
3
0
0
0
0
-4
2
0
3
40
76
-14
-1
83
-20
5
-29
-21
7
6
58
2
0
-12
-16
0
-13
-13
5
23
1
9
-2
2
1
0
1
3
2
0
0
-5
-5
-10
3
2
-22
7
12
0
-4
-26
2
6
-2
11
12
1
18
0
4
15
0
-20
-5
0
1
0
0
-4
0
0
-1
93
45
5
0
30
27
-4
-16
-14
18
46
9
6
-1
-18
2
-5
-8
6
-6
9
1
0
-2
0
0
-1
0
1
-2
1
4
15
0
-2
-2
12
9
-1
10
-1
-9
-12
21
13
-1
20
-6
0
13
1
-8
8
-1
-2
-2
0
0
0
0
-1
-5
0
0
4
0
2
1
-13
-9
-2
5
3
-1
2
-4
1
0
3
-8
-8
-14
-2
-12
0
0
14
-2
0
0
0
0
6
0
0
0
2
0
0
-1
18
15
0
-2
-1
-2
9
-4
0
0
-1
0
-14
13
0
-6
-16
0
13
0
0
0
0
0
-5
0
0
1
0
-1
-6
2
-12
-13
8
16
7
-1
5
9
0
-1
1
-16
4
-8
-1
-2
12
1
-2
-1
0
0
0
0
0
-2
0
-5
0
1
-2
-1
8
-4
0
-4
-2
-1
-11
0
0
0
0
8
5
4
0
9
17
0
9
0
0
0
0
0
0
-1
0
1
0
1
0
2
4
-1
1
-1
0
0
-3
-1
3
0
0
1
-6
9
1
-1
7
0
3
-1
0
0
0
0
2
9
0
-5
-5
0
0
0
0
0
0
0
0
2
0
0
-1
0
0
2
0
2
-1
0
-4
0
0
-1
0
0
0
0
-3
-5
0
-4
2
0
-1
0
0
0
-1
-2
0
0
-1
-3
-2
-1
0
2
-9
2
-1
-14
-4
0
-2
1
0
0
0
0
4
3
0
0
5
-2
2
0
-13
9
0
0
0
-4
-4
-2
0
0
6
0
7
-12
0
3
-25
0
-20
0
0
0
0
0
0
1
0
2
-5
0
-3
-1
0
0
0
-1
0
0
1
0
-1
-1
2
0
13
-10
0
-2
6
0
2
0
0
-1
0
0
-3
2
0
-4
-1
0
0
0
-4
0
0
0
0
2
0
0
-1
0
-1
1
-3
-7
0
3
-4
0
0
-1
0
0
0
0
0
-11
0
-1
0
0
0
0
1
-1
0
0
1
0
0
0
0
0
0
1
0
1
0
0
-3
0
0
0
0
0
0
0
1
-4
0
0
-2
0
0
0
-1
0
0
0
0
0
0
0
1
0
-2
0
3
2
0
3
5
0
-1
0
0
0
0
0
0
0
0
-1
0
-1
1
0
2
0
0
0
0
-2
0
-1
0
0
2
-1
10
2
-1
7
-9
0
3
0
0
0
1
0
0
1
0
0
4
1
-2
0
-2
1
-1
0
1
0
0
0
0
0
1
1
12
0
0
5
4
0
0
-1
0
0
0
0
-1
0
0
1
1
1
-1
0
0
0
0
0
0
0
2
0
0
0
-1
0
-1
0
0
0
-9
0
-4
0
0
0
0
0
1
0
0
0
-1
0
0
0
1
0
0
0
0
-1
0
-1
-1
0
0
0
-4
3
0
2
0
0
0
0
0
0
0
0
-1
0
0
-1
0
0
0
0
1
-1
0
0
0
-1
0
0
-1
0
-1
0
0
1
0
0
1
0
0
0
0
0
0
0
0
0
0
0
0
0
0
0
-1
0
0
0
0
0
0
0
0
0
0
0
-2
-4
0
-4
0
0
0
0
0
0
0
0
0
0
0
0
0
0
0
0
2
-1
0
0
0
0
0
0
1
0
0
0
-6
0
0
-2
-8
0
2
0
0
0
0
0
-1
0
0
-1
0
0
0
0
-1
0
0
0
0
0
0
0
0
0
0
-1
0
0
0
-2
-2
0
-1
0
0
0
0
0
0
0
0
0
24
-77
0
0
-57
16
5
-12
0
20
37
-24
14
0
41
5
0
-6
1
5
19
2
1
1
0
1
0
0
1
5
0
1
28
13
8
-4
-40
0
-6
-6
3
-1
13
-20
5
0
0
-5
1
6
-6
4
8
0
-2
0
0
0
0
0
1
5
0
0
-34
-28
-1
1
-18
1
-1
0
10
-1
0
-18
7
0
-8
-12
5
0
-8
2
5
0
0
-1
0
0
0
1
1
0
1
0
-25
41
2
0
34
-6
1
0
9
-8
-2
-8
1
-1
-4
22
1
0
10
-2
0
1
0
1
-1
0
0
0
1
1
0
1
0
0
-5
-1
-8
-20
2
-6
4
2
25
0
-4
-2
2
-2
0
0
4
0
1
0
0
-1
0
0
1
1
0
-1
0
0
-4
4
6
2
25
10
-1
13
9
0
-4
12
0
-1
-2
0
0
-2
1
3
1
1
0
0
0
0
0
0
0
2
0
0
-1
0
1
0
-14
10
1
-2
0
0
0
4
1
0
-10
15
-1
0
-1
0
1
0
1
-1
-1
0
0
0
0
0
0
0
1
0
-2
0
5
0
-2
7
10
1
0
-17
-1
0
-4
6
-4
-1
-4
-1
-1
-1
0
1
0
0
0
0
0
-1
0
0
-16
-9
2
0
18
-10
-2
-5
3
5
8
12
-8
0
-10
5
-1
0
-5
-1
2
0
0
0
0
0
0
0
0
1
0
0
-10
5
-1
0
3
-1
0
0
3
-2
1
3
0
0
5
-8
0
0
-5
1
1
0
0
0
0
0
0
0
0
0
0
0
-3
-2
0
0
2
-6
0
0
1
1
-6
-9
-2
0
5
-2
0
0
2
0
0
0
0
0
0
0
0
0
0
0
0
0
4
-2
0
0
-4
12
2
1
6
1
-1
-12
-2
-1
-6
0
-1
0
2
-1
1
0
0
0
0
0
0
0
0
0
0
1
0
0
0
0
-2
0
0
-4
0
1
0
-1
2
0
-8
2
0
0
0
-1
2
0
1
2
0
0
0
0
-1
0
0
0
2
0
2
0
5
8
1
2
0
0
5
0
-1
-1
-2
0
-1
0
0
-6
3
0
-1
-1
0
0
0
0
0
0
0
0
1
1
1
0
0
2
0
0
0
0
-2
0
0
0
1
2
-4
-1
0
0
3
0
1
-1
0
0
0
0
0
0
0
0
0
0
-1
-1
0
2
1
0
0
0
-5
0
-1
0
0
-6
2
0
0
0
1
0
0
1
0
0
0
0
0
0
0
0
0
0
-1
0
-2
5
0
1
0
0
-1
-2
1
0
-2
-2
1
0
0
0
0
0
0
-1
0
0
0
0
0
0
0
0
0
0
0
0
0
1
-1
-1
1
0
0
6
0
0
3
0
0
0
0
0
0
0
0
0
0
0
0
0
0
0
0
0
0
0
0
0
0
1
0
0
0
0
0
1
0
0
1
1
0
0
0
0
0
0
0
0
0
0
0
0
0
0
0
0
0
0
0
0
5
5
-1
1
0
0
0
0
0
0
-1
-4
1
0
0
1
0
0
0
-1
0
0
0
0
0
0
0
0
1
-1
0
0
0
1
0
0
0
0
-1
0
0
0
1
0
0
0
0
2
1
0
0
0
0
0
0
0
0
0
0
0
0
0
0
0
0
0
0
0
0
0
0
0
0
0
1
1
-1
1
0
0
0
0
-1
-1
0
0
0
0
0
0
0
0
0
0
0
0
0
0
0
0
0
0
0
0
0
0
0
-1
2
0
0
0
0
0
0
0
0
0
0
0
0
0
0
0
0
0
0
0
0
0
0
0
0
0
1
0
0
0
0
1
1
0
0
-1
1
0
0
0
0
0
0
0
0
0
0
0
0
0
0
0
-4
1
0
0
0
0
2
0
0
0
-1
0
-1
0
0
1
0
0
0
0
0
0
0
0
0
0
0
0
0
0
0
0
0
0
0
0
0
0
0
0
0
0
0
2
0
0
0
-1
0
0
0
0
0
0
0
0
0
0
0
0
0
0
0
0
0
0
0
0
0
0
-1
0
0
0
0
0
0
0
0
0
0
0
0
0
0
0
0
0
0
0
0
0
0
0
0
0
1
0
0
0
0
0
0
0
0
0
0
0
0
0
0
0
0
0
0
0
0
0
0
0
0
0
0
0
0
0
0
0
0
0
0
0
0
0
0
0
0
0
0
0
1
0
0
0
0
0
0
0
0
0
0
0
0
0
0
0
0
0
0
0
0
0
0
0
0
0
0
0
0
0
0
0
0
0
0
0
0
0
0
0
0
0
0
0
0
0
0
0
0
0
0
0
0
0
0
0
0
0
0
0
0
0
0
0
0
0
0
0
0
0
0
0
0
0
0
0
0
0
0
0
0
0
0
0
0
0
0
0
0
0
0
0
0
0
0
0
0
0
0
0
0
0
0
0
0
0
0
0
0
0
0
0